96
2 10000000 1
2 10000000 2
2 10000000 3
2 10000000 4
2 10000000 1
2 10000000 2
2 10000000 3
2 10000000 4
2 10000000 1
2 10000000 2
2 10000000 3
2 10000000 4
2 10000000 1
2 10000000 2
2 10000000 3
2 10000000 4
2 10000000 1
2 10000000 2
2 10000000 3
2 10000000 4
2 10000000 1
2 10000000 2
2 10000000 3
2 10000000 4
2 10000000 1
2 10000000 2
2 10000000 3
2 10000000 4
2 10000000 1
2 10000000 2
2 10000000 3
2 10000000 4
2 10000000 1
2 10000000 2
2 10000000 3
2 10000000 4
2 10000000 1
2 10000000 2
2 10000000 3
2 10000000 4
2 10000000 1
2 10000000 2
2 10000000 3
2 10000000 4
2 10000000 1
2 10000000 2
2 10000000 3
2 10000000 4
2 10000000 1
2 10000000 2
2 10000000 3
2 10000000 4
2 10000000 1
2 10000000 2
2 10000000 3
2 10000000 4
2 10000000 1
2 10000000 2
2 10000000 3
2 10000000 4
2 10000000 1
2 10000000 2
2 10000000 3
2 10000000 1000
2 10000000 1
2 10000000 2
2 10000000 3
2 10000000 4
2 10000000 1
2 10000000 2
2 10000000 3
2 10000000 4
2 10000000 1
2 10000000 2
2 10000000 3
2 10000000 4
2 10000000 1
2 10000000 2
2 10000000 3
2 10000000 4
2 10000000 1
2 10000000 2
2 10000000 3
2 10000000 4
2 10000000 1
2 10000000 2
2 10000000 3
2 10000000 4
2 10000000 1
2 10000000 2
2 10000000 3
2 10000000 4
2 10000000 1
2 10000000 2
2 10000000 3
2 10000000 4